#multi:
,mass A,,mass B,,
t,x,y,x,y,
0.000000E0,,,-2.847633E-3,4.327274E-2
3.333333E-2,,,,
6.666667E-2,,,,
1.000000E-1,,,,
1.333333E-1,,,,
1.666667E-1,,,,
2.000000E-1,,,,
2.333333E-1,,,,
2.666667E-1,,,,
3.000000E-1,5.357595E-2,1.444825E-1,,
3.333333E-1,5.344625E-2,1.441337E-1,,
3.666667E-1,5.359260E-2,1.436765E-1,,
4.000000E-1,5.359832E-2,1.441734E-1,,
4.333333E-1,5.356609E-2,1.441960E-1,,
4.666667E-1,5.362021E-2,1.441788E-1,,
5.000000E-1,5.361527E-2,1.442242E-1,,
5.333333E-1,5.368539E-2,1.441935E-1,,
5.666667E-1,5.368204E-2,1.442349E-1,,
6.000000E-1,5.360998E-2,1.442601E-1,,
6.333333E-1,5.360228E-2,1.443080E-1,,
6.666667E-1,5.361080E-2,1.441615E-1,,
7.000000E-1,5.360753E-2,1.441974E-1,,
7.333333E-1,5.359643E-2,1.441637E-1,,
7.666667E-1,5.360555E-2,1.442388E-1,,
8.000000E-1,5.363239E-2,1.443180E-1,,
8.333333E-1,5.360140E-2,1.443316E-1,,
8.666667E-1,5.362225E-2,1.441783E-1,,
9.000000E-1,5.362317E-2,1.441900E-1,,
9.333333E-1,5.363528E-2,1.442335E-1,,
9.666667E-1,5.363656E-2,1.442721E-1,,
1.000000E0,5.381098E-2,1.441336E-1,,
1.033333E0,5.381733E-2,1.441698E-1,,
1.066667E0,5.380094E-2,1.440976E-1,,
1.100000E0,5.381993E-2,1.440250E-1,,
1.133333E0,5.386829E-2,1.440297E-1,,
1.166667E0,5.402067E-2,1.440211E-1,,
1.200000E0,5.413343E-2,1.439432E-1,,
1.233333E0,5.420461E-2,1.439163E-1,,
1.266667E0,5.441224E-2,1.439057E-1,,
1.300000E0,5.455182E-2,1.437617E-1,,
1.333333E0,5.469304E-2,1.436876E-1,,
1.366667E0,5.492901E-2,1.436187E-1,,
1.400000E0,5.500162E-2,1.435871E-1,,
1.433333E0,5.530391E-2,1.434104E-1,,
1.466667E0,5.554064E-2,1.432603E-1,,
1.500000E0,5.560711E-2,1.432611E-1,,
1.533333E0,5.590102E-2,1.431247E-1,,
1.566667E0,5.627721E-2,1.429563E-1,,
1.600000E0,5.642705E-2,1.426758E-1,,
1.633333E0,5.682281E-2,1.426638E-1,,
1.666667E0,5.722227E-2,1.423593E-1,,
1.700000E0,5.735884E-2,1.421993E-1,,
1.733333E0,5.776858E-2,1.420279E-1,,
1.766667E0,5.824472E-2,1.417535E-1,,
1.800000E0,5.866434E-2,1.415529E-1,,
1.833333E0,5.915539E-2,1.412507E-1,,
1.866667E0,5.934626E-2,1.410046E-1,,
1.900000E0,6.004683E-2,1.406434E-1,,
1.933333E0,6.024380E-2,1.403350E-1,,
1.966667E0,6.065217E-2,1.400910E-1,,
2.000000E0,6.121687E-2,1.396506E-1,,
2.033333E0,6.185600E-2,1.393475E-1,,
2.066667E0,6.212051E-2,1.391401E-1,,
2.100000E0,6.278898E-2,1.387745E-1,,
2.133333E0,6.306630E-2,1.385513E-1,,
2.166667E0,6.375814E-2,1.380797E-1,,
2.200000E0,6.410070E-2,1.377267E-1,,
2.233333E0,6.477489E-2,1.373659E-1,,
2.266667E0,6.507458E-2,1.369268E-1,,
2.300000E0,6.570508E-2,1.365116E-1,,
2.333333E0,6.603388E-2,1.361273E-1,,
2.366667E0,6.675274E-2,1.357235E-1,,
2.400000E0,6.700580E-2,1.353392E-1,,
2.433333E0,6.773045E-2,1.349964E-1,,
2.466667E0,6.856676E-2,1.343859E-1,,
2.500000E0,6.886150E-2,1.339966E-1,,
2.533333E0,6.958673E-2,1.335415E-1,,
2.566667E0,7.020306E-2,1.329491E-1,,
2.600000E0,7.069052E-2,1.326199E-1,,
2.633333E0,7.146927E-2,1.321476E-1,,
2.666667E0,7.169359E-2,1.316889E-1,,
2.700000E0,7.255809E-2,1.310322E-1,,
2.733333E0,7.308782E-2,1.306155E-1,,
2.766667E0,7.358245E-2,1.302114E-1,,
2.800000E0,7.404226E-2,1.297707E-1,,
2.833333E0,7.462852E-2,1.291906E-1,,
2.866667E0,7.509868E-2,1.286974E-1,,
2.900000E0,7.570734E-2,1.280147E-1,,
2.933333E0,7.646333E-2,1.275014E-1,,
2.966667E0,7.702782E-2,1.268806E-1,,
3.000000E0,7.756062E-2,1.264455E-1,,
3.033333E0,7.808631E-2,1.259655E-1,,
3.066667E0,7.865228E-2,1.253212E-1,,
3.100000E0,7.942311E-2,1.246348E-1,,
3.133333E0,7.996702E-2,1.241409E-1,,
3.166667E0,8.046344E-2,1.236655E-1,,
3.200000E0,8.100857E-2,1.230649E-1,,
3.233333E0,8.149672E-2,1.225627E-1,,
3.266667E0,8.203313E-2,1.218541E-1,,
3.300000E0,8.255395E-2,1.213424E-1,,
3.333333E0,8.312929E-2,1.206343E-1,,
3.366667E0,8.366405E-2,1.200391E-1,,
3.400000E0,8.408227E-2,1.195270E-1,,
3.433333E0,8.468436E-2,1.188130E-1,,
3.466667E0,8.519013E-2,1.180287E-1,,
3.500000E0,8.570322E-2,1.174609E-1,,
3.533333E0,8.621808E-2,1.168336E-1,,
3.566667E0,8.676200E-2,1.160877E-1,,
3.600000E0,8.757943E-2,1.153001E-1,,
3.633333E0,8.780234E-2,1.148205E-1,,
3.666667E0,8.854999E-2,1.140494E-1,,
3.700000E0,8.883028E-2,1.135195E-1,,
3.733333E0,8.964456E-2,1.128224E-1,,
3.766667E0,8.991308E-2,1.121121E-1,,
3.800000E0,9.064649E-2,1.113563E-1,,
3.833333E0,9.098366E-2,1.106048E-1,,
3.866667E0,9.173646E-2,1.097744E-1,,
3.900000E0,9.195420E-2,1.092423E-1,,
3.933333E0,9.272449E-2,1.085100E-1,,
3.966667E0,9.304446E-2,1.077683E-1,,
4.000000E0,9.385159E-2,1.070125E-1,,
4.033333E0,9.406365E-2,1.064324E-1,,
4.066667E0,9.480405E-2,1.057080E-1,,
4.100000E0,9.513914E-2,1.049474E-1,,
4.133333E0,9.557780E-2,1.041405E-1,,
4.166667E0,9.610503E-2,1.033758E-1,,
4.200000E0,9.659401E-2,1.025846E-1,,
4.233333E0,9.710982E-2,1.018096E-1,,
4.266667E0,9.765829E-2,1.010380E-1,,
4.300000E0,9.815664E-2,1.002261E-1,,
4.333333E0,9.846033E-2,9.943370E-2,,
4.366667E0,9.918441E-2,9.861609E-2,,
4.400000E0,9.943409E-2,9.783207E-2,,
4.433333E0,9.963981E-2,9.699734E-2,,
4.466667E0,1.003978E-1,9.620350E-2,,
4.500000E0,1.006563E-1,9.538815E-2,,
4.533333E0,1.011274E-1,9.449472E-2,,
4.566667E0,1.016165E-1,9.368873E-2,,
4.600000E0,1.018930E-1,9.288853E-2,,
4.633333E0,1.023281E-1,9.206185E-2,,
4.666667E0,1.027992E-1,9.130977E-2,,
4.700000E0,1.030612E-1,9.048905E-2,,
4.733333E0,1.034876E-1,8.957479E-2,,
4.766667E0,1.039910E-1,8.877146E-2,,
4.800000E0,1.041943E-1,8.796832E-2,,
4.833333E0,1.046854E-1,8.712730E-2,,
4.866667E0,1.051420E-1,8.628866E-2,,
4.900000E0,1.053638E-1,8.545962E-2,,
4.933333E0,1.054923E-1,8.461687E-2,,
4.966667E0,1.056391E-1,8.377517E-2,,
5.000000E0,1.065179E-1,8.266327E-2,,
5.033333E0,1.067035E-1,8.180102E-2,,
5.066667E0,1.068708E-1,8.091933E-2,,
5.100000E0,1.077175E-1,7.980511E-2,,
5.133333E0,1.078704E-1,7.895719E-2,,
5.166667E0,1.080481E-1,7.810689E-2,,
5.200000E0,1.081847E-1,7.720744E-2,,
5.233333E0,1.083159E-1,7.634886E-2,,
5.266667E0,1.088351E-1,7.518130E-2,,
5.300000E0,1.089903E-1,7.433147E-2,,
5.333333E0,1.095086E-1,7.312151E-2,,
5.366667E0,1.096486E-1,7.225039E-2,,
5.400000E0,1.097876E-1,7.133086E-2,,
5.433333E0,1.099833E-1,7.015306E-2,,
5.466667E0,1.101145E-1,6.926837E-2,,
5.500000E0,1.106232E-1,6.809111E-2,,
5.533333E0,1.107612E-1,6.717864E-2,,
5.566667E0,1.108679E-1,6.630880E-2,,
5.600000E0,1.110506E-1,6.506322E-2,,
5.633333E0,1.112347E-1,6.384292E-2,,
5.666667E0,1.113572E-1,6.293959E-2,,
5.700000E0,1.114636E-1,6.209048E-2,,
5.733333E0,1.116146E-1,6.081788E-2,,
5.766667E0,1.117859E-1,5.959134E-2,,
5.800000E0,1.119509E-1,5.832586E-2,,
5.833333E0,1.120559E-1,5.742325E-2,,
5.866667E0,1.122297E-1,5.618895E-2,,
5.900000E0,1.123035E-1,5.527839E-2,,
5.933333E0,1.124587E-1,5.403875E-2,,
5.966667E0,1.126290E-1,5.278744E-2,,
6.000000E0,1.127928E-1,5.152676E-2,,
6.033333E0,1.128982E-1,5.060392E-2,,
6.066667E0,1.130622E-1,4.934807E-2,,
6.100000E0,1.132090E-1,4.808810E-2,,
6.133333E0,1.133540E-1,4.684990E-2,,
6.166667E0,1.131308E-1,4.590629E-2,,
6.200000E0,1.132492E-1,4.461282E-2,,
6.233333E0,1.133965E-1,4.336789E-2,,
6.266667E0,1.131513E-1,4.244966E-2,,
6.300000E0,1.132736E-1,4.119203E-2,,
6.333333E0,1.134132E-1,3.992841E-2,,
6.366667E0,1.131534E-1,3.898921E-2,,
6.400000E0,1.132742E-1,3.774472E-2,,
6.433333E0,1.130065E-1,3.681645E-2,,
6.466667E0,1.131255E-1,3.556680E-2,,
6.500000E0,1.128482E-1,3.463828E-2,,
6.533333E0,1.129740E-1,3.338745E-2,,
6.566667E0,1.126933E-1,3.245983E-2,,
6.600000E0,1.124043E-1,3.154076E-2,,
6.633333E0,1.125246E-1,3.030594E-2,,
6.666667E0,1.122470E-1,2.935635E-2,,
6.700000E0,1.123687E-1,2.812138E-2,,
6.733333E0,1.120788E-1,2.719472E-2,,
6.766667E0,1.117841E-1,2.626653E-2,,
6.800000E0,1.119160E-1,2.501898E-2,,
6.833333E0,1.116191E-1,2.409035E-2,,
6.866667E0,1.113143E-1,2.311393E-2,,
6.900000E0,1.110782E-1,2.188919E-2,,
6.933333E0,1.108307E-1,2.058875E-2,,
6.966667E0,1.105139E-1,1.966467E-2,,
7.000000E0,1.102186E-1,1.868086E-2,,
7.033333E0,1.098603E-1,1.771908E-2,,
7.066667E0,1.096100E-1,1.652201E-2,,
7.100000E0,1.092957E-1,1.557415E-2,,
7.133333E0,1.090511E-1,1.429655E-2,,
7.166667E0,1.087269E-1,1.335631E-2,,
7.200000E0,1.084034E-1,1.231784E-2,,
7.233333E0,1.081493E-1,1.117524E-2,,
7.266667E0,1.078059E-1,1.019843E-2,,
7.300000E0,1.074807E-1,9.211467E-3,,
7.333333E0,1.072336E-1,7.965772E-3,,
7.366667E0,1.068828E-1,6.997748E-3,,
7.400000E0,1.066129E-1,5.770169E-3,,
7.433333E0,1.062841E-1,4.827794E-3,,
7.466667E0,1.059651E-1,3.860398E-3,,
7.500000E0,1.056344E-1,2.916626E-3,,
7.533333E0,1.053675E-1,1.694253E-3,,
7.566667E0,1.050469E-1,7.345191E-4,,
7.600000E0,1.047291E-1,-2.159031E-4,,
7.633333E0,1.043977E-1,-1.137885E-3,,
7.666667E0,1.040526E-1,-2.071960E-3,,
7.700000E0,1.036937E-1,-2.974254E-3,,
7.733333E0,1.033060E-1,-3.887702E-3,,
7.766667E0,1.029080E-1,-4.756071E-3,,
7.800000E0,1.025303E-1,-5.650236E-3,,
7.833333E0,1.022035E-1,-6.500277E-3,,
7.866667E0,1.018605E-1,-7.376383E-3,,
7.900000E0,1.014385E-1,-8.024537E-3,,
7.933333E0,1.011589E-1,-8.799917E-3,,
7.966667E0,1.007502E-1,-9.469109E-3,,
8.000000E0,1.005155E-1,-1.019407E-2,,
8.033333E0,1.001325E-1,-1.078508E-2,,
8.066667E0,9.976747E-2,-1.139589E-2,,
8.100000E0,9.953090E-2,-1.195724E-2,,
8.133333E0,9.917760E-2,-1.251813E-2,,
8.166667E0,9.885101E-2,-1.295537E-2,,
8.200000E0,9.848326E-2,-1.342642E-2,,
8.233333E0,9.827361E-2,-1.397285E-2,,
8.266667E0,9.805883E-2,-1.438894E-2,,
8.300000E0,9.790592E-2,-1.486081E-2,,
8.333333E0,9.775079E-2,-1.521351E-2,,
8.366667E0,9.751497E-2,-1.548519E-2,,
8.400000E0,9.698828E-2,-1.547661E-2,,
8.433333E0,9.704367E-2,-1.577678E-2,,
8.466667E0,9.689792E-2,-1.626399E-2,,
8.500000E0,9.675230E-2,-1.642410E-2,,
8.533333E0,9.650475E-2,-1.643602E-2,,
8.566667E0,9.657438E-2,-1.668973E-2,,
8.600000E0,9.644374E-2,-1.687019E-2,,
8.633333E0,9.637233E-2,-1.695482E-2,,
8.666667E0,9.620963E-2,-1.691393E-2,,
8.700000E0,9.612788E-2,-1.699547E-2,,
8.733333E0,9.610284E-2,-1.704588E-2,,
8.766667E0,9.623666E-2,-1.713690E-2,,
8.800000E0,9.618117E-2,-1.718778E-2,,
8.833333E0,9.622439E-2,-1.715715E-2,,
8.866667E0,9.623038E-2,-1.715328E-2,,
8.900000E0,9.615455E-2,-1.697647E-2,,
8.933333E0,9.623480E-2,-1.680522E-2,,
8.966667E0,9.623423E-2,-1.644995E-2,,
9.000000E0,9.625250E-2,-1.631040E-2,,
9.033333E0,9.644059E-2,-1.597411E-2,,
9.066667E0,9.671811E-2,-1.589837E-2,,
9.100000E0,9.677467E-2,-1.546331E-2,,
9.133333E0,9.684846E-2,-1.503023E-2,,
9.166667E0,9.708684E-2,-1.463677E-2,,
9.200000E0,9.717624E-2,-1.414644E-2,,
9.233333E0,9.736285E-2,-1.384869E-2,,
9.266667E0,9.745672E-2,-1.338795E-2,,
9.300000E0,9.774325E-2,-1.293060E-2,,
9.333333E0,9.815609E-2,-1.264921E-2,,
9.366667E0,9.842433E-2,-1.222068E-2,,
9.400000E0,9.856465E-2,-1.172332E-2,,
9.433333E0,9.884984E-2,-1.124781E-2,,
9.466667E0,9.917183E-2,-1.077637E-2,,
9.500000E0,9.948126E-2,-1.029896E-2,,
9.533333E0,9.956659E-2,-9.538019E-3,,
9.566667E0,9.987202E-2,-9.029659E-3,,
9.600000E0,1.001748E-1,-8.552025E-3,,
9.633333E0,1.005226E-1,-8.032476E-3,,
9.666667E0,1.008353E-1,-7.573485E-3,,
9.700000E0,1.012124E-1,-7.050591E-3,,
9.733333E0,1.015502E-1,-6.602330E-3,,
9.766667E0,1.016368E-1,-5.675806E-3,,
9.800000E0,1.019069E-1,-5.205466E-3,,
9.833333E0,1.020561E-1,-4.441323E-3,,
9.866667E0,1.023285E-1,-3.849925E-3,,
9.900000E0,1.025405E-1,-3.046086E-3,,
9.933333E0,1.028738E-1,-2.506973E-3,,
9.966667E0,1.032556E-1,-1.972489E-3,,
1.000000E1,1.036350E-1,-1.511782E-3,,
1.003333E1,1.038390E-1,-7.097919E-4,,
1.006667E1,1.041815E-1,-2.037903E-4,,
1.010000E1,1.042831E-1,7.023328E-4,,
1.013333E1,1.044741E-1,1.501626E-3,,
1.016667E1,1.048405E-1,2.071052E-3,,
1.020000E1,1.051478E-1,2.574192E-3,,
1.023333E1,1.051997E-1,3.349451E-3,,
1.026667E1,1.054999E-1,4.232512E-3,,
1.030000E1,1.056635E-1,5.024171E-3,,
1.033333E1,1.058706E-1,5.659073E-3,,
1.036667E1,1.060839E-1,6.476622E-3,,
1.040000E1,1.064505E-1,7.049152E-3,,
1.043333E1,1.066146E-1,7.892019E-3,,
1.046667E1,1.067495E-1,8.742319E-3,,
1.050000E1,1.069291E-1,9.564284E-3,,
1.053333E1,1.070191E-1,1.010101E-2,,
1.056667E1,1.072421E-1,1.095107E-2,,
1.060000E1,1.075636E-1,1.150068E-2,,
1.063333E1,1.077669E-1,1.227964E-2,,
1.066667E1,1.079300E-1,1.283427E-2,,
1.070000E1,1.082105E-1,1.332983E-2,,
1.073333E1,1.081865E-1,1.409390E-2,,
1.076667E1,1.085035E-1,1.462771E-2,,
1.080000E1,1.085180E-1,1.508326E-2,,
1.083333E1,1.086612E-1,1.584300E-2,,
1.086667E1,1.086791E-1,1.630322E-2,,
1.090000E1,1.087562E-1,1.678928E-2,,
1.093333E1,1.089900E-1,1.718803E-2,,
1.096667E1,1.090238E-1,1.766344E-2,,
1.100000E1,1.090675E-1,1.773779E-2,,
1.103333E1,1.092960E-1,1.816117E-2,,
1.106667E1,1.092838E-1,1.855494E-2,,
1.110000E1,1.093450E-1,1.866119E-2,,
1.113333E1,1.093260E-1,1.902939E-2,,
1.116667E1,1.096162E-1,1.912369E-2,,
1.120000E1,1.096074E-1,1.948097E-2,,
1.123333E1,1.096289E-1,1.953922E-2,,
1.126667E1,1.096545E-1,1.957030E-2,,
1.130000E1,1.096161E-1,1.993152E-2,,
1.133333E1,1.096279E-1,1.997908E-2,,
1.136667E1,1.096408E-1,1.999557E-2,,
1.140000E1,1.095932E-1,2.036946E-2,,
1.143333E1,1.099077E-1,2.042885E-2,,
1.146667E1,1.099160E-1,2.044571E-2,,
1.150000E1,1.099432E-1,2.045408E-2,,
1.153333E1,1.099534E-1,2.046150E-2,,
1.156667E1,1.099608E-1,2.046155E-2,,
1.160000E1,1.099683E-1,2.048064E-2,,
1.163333E1,1.099603E-1,2.047300E-2,,
1.166667E1,1.099765E-1,2.047932E-2,,
1.170000E1,1.099688E-1,2.046701E-2,,
1.173333E1,1.099773E-1,2.044680E-2,,
1.176667E1,1.099813E-1,2.043105E-2,,
1.180000E1,1.099779E-1,2.042676E-2,,
1.183333E1,1.099668E-1,2.040455E-2,,
1.186667E1,1.099601E-1,2.038704E-2,,
1.190000E1,1.099490E-1,2.036582E-2,,
1.193333E1,1.099325E-1,2.034728E-2,,
1.196667E1,1.099897E-1,2.001478E-2,,
1.200000E1,1.100344E-1,1.963099E-2,,
1.203333E1,1.100305E-1,1.956184E-2,,
1.206667E1,1.100907E-1,1.917173E-2,,
1.210000E1,1.100585E-1,1.912287E-2,,
1.213333E1,1.101067E-1,1.874251E-2,,
1.216667E1,1.101214E-1,1.866921E-2,,
1.220000E1,1.101748E-1,1.828614E-2,,
1.223333E1,1.102279E-1,1.789257E-2,,
1.226667E1,1.102227E-1,1.785795E-2,,
1.230000E1,1.102732E-1,1.745293E-2,,
1.233333E1,1.099128E-1,1.737853E-2,,
1.236667E1,1.099567E-1,1.698849E-2,,
1.240000E1,1.099297E-1,1.693559E-2,,
1.243333E1,1.099912E-1,1.655301E-2,,
1.246667E1,1.100476E-1,1.616022E-2,,
1.250000E1,1.100301E-1,1.609333E-2,,
1.253333E1,1.100813E-1,1.569698E-2,,
1.256667E1,1.101279E-1,1.530550E-2,,
1.260000E1,1.101002E-1,1.521076E-2,,
1.263333E1,1.101465E-1,1.480785E-2,,
1.266667E1,1.101976E-1,1.439951E-2,,
1.270000E1,1.102462E-1,1.398518E-2,,
1.273333E1,1.099792E-1,1.355001E-2,,
1.276667E1,1.100090E-1,1.313260E-2,,
1.280000E1,1.100247E-1,1.269124E-2,,
1.283333E1,1.100448E-1,1.225822E-2,,
1.286667E1,1.097905E-1,1.180226E-2,,
1.290000E1,1.098220E-1,1.137888E-2,,
1.293333E1,1.098313E-1,1.092224E-2,,
1.296667E1,1.098429E-1,1.047672E-2,,
1.300000E1,1.095573E-1,1.003916E-2,,
1.303333E1,1.095646E-1,9.616511E-3,,
1.306667E1,1.095695E-1,9.166376E-3,,
1.310000E1,1.095879E-1,8.706962E-3,,
1.313333E1,1.093650E-1,8.264378E-3,,
1.316667E1,1.093740E-1,7.840765E-3,,
1.320000E1,1.090104E-1,7.752568E-3,,
1.323333E1,1.089773E-1,7.313973E-3,,
1.326667E1,1.090509E-1,6.515143E-3,,
1.330000E1,1.087697E-1,6.413590E-3,,
1.333333E1,1.084329E-1,5.978236E-3,,
1.336667E1,1.084298E-1,5.537494E-3,,
1.340000E1,1.083254E-1,5.077546E-3,,
1.343333E1,1.081798E-1,4.669536E-3,,
1.346667E1,1.080773E-1,4.157479E-3,,
1.350000E1,1.078866E-1,3.773816E-3,,
1.353333E1,1.077322E-1,3.266795E-3,,
1.356667E1,1.075716E-1,2.860271E-3,,
1.360000E1,1.074518E-1,2.344932E-3,,
1.363333E1,1.072736E-1,1.965344E-3,,
1.366667E1,1.071291E-1,1.474009E-3,,
1.370000E1,1.069528E-1,1.051955E-3,,
1.373333E1,1.068191E-1,5.317542E-4,,
1.376667E1,1.066420E-1,1.488448E-4,,
1.380000E1,1.064692E-1,-3.450715E-4,,
1.383333E1,1.063371E-1,-7.413545E-4,,
1.386667E1,1.061841E-1,-1.241225E-3,,
1.390000E1,1.061336E-1,-1.692552E-3,,
1.393333E1,1.059145E-1,-2.097476E-3,,
1.396667E1,1.058638E-1,-2.560903E-3,,
1.400000E1,1.056711E-1,-2.996043E-3,,
1.403333E1,1.055563E-1,-3.422342E-3,,
1.406667E1,1.052540E-1,-3.547492E-3,,
1.410000E1,1.051909E-1,-3.958248E-3,,
1.413333E1,1.051209E-1,-4.396116E-3,,
1.416667E1,1.048947E-1,-4.500987E-3,,
1.420000E1,1.046521E-1,-4.837584E-3,,
1.423333E1,1.044730E-1,-4.972127E-3,,
1.426667E1,1.043764E-1,-5.363253E-3,,
1.430000E1,1.043191E-1,-5.388737E-3,,
1.433333E1,1.042851E-1,-5.759082E-3,,
1.436667E1,1.040853E-1,-5.959667E-3,,
1.440000E1,1.041122E-1,-6.299526E-3,,
1.443333E1,1.038679E-1,-6.286245E-3,,
1.446667E1,1.038506E-1,-6.646902E-3,,
1.450000E1,1.036386E-1,-6.786488E-3,,
1.453333E1,1.036091E-1,-6.784566E-3,,
1.456667E1,1.034640E-1,-6.902578E-3,,
1.460000E1,1.035152E-1,-7.176508E-3,,
1.463333E1,1.034183E-1,-7.276019E-3,,
1.466667E1,1.033913E-1,-7.321104E-3,,
1.470000E1,1.034828E-1,-7.595366E-3,,
1.473333E1,1.034265E-1,-7.661699E-3,,
1.476667E1,1.032513E-1,-7.604849E-3,,
1.480000E1,1.031257E-1,-7.658970E-3,,
1.483333E1,1.030505E-1,-7.709691E-3,,
1.486667E1,1.029473E-1,-7.751073E-3,,
1.490000E1,1.029161E-1,-7.765806E-3,,
1.493333E1,1.028934E-1,-7.694490E-3,,
1.496667E1,1.028647E-1,-7.695911E-3,,
1.500000E1,1.028394E-1,-7.704978E-3,,
1.503333E1,1.028388E-1,-7.697357E-3,,
1.506667E1,1.028487E-1,-7.670938E-3,,
1.510000E1,1.028410E-1,-7.641793E-3,,
1.513333E1,1.028634E-1,-7.644125E-3,,
1.516667E1,1.027984E-1,-7.349329E-3,,
1.520000E1,1.028119E-1,-7.289969E-3,,
1.523333E1,1.027674E-1,-6.932583E-3,,
1.526667E1,1.027791E-1,-6.865289E-3,,
1.530000E1,1.030060E-1,-6.813164E-3,,
1.533333E1,1.030052E-1,-6.453481E-3,,
1.536667E1,1.031014E-1,-6.358966E-3,,
1.540000E1,1.030640E-1,-5.987966E-3,,
1.543333E1,1.030470E-1,-5.585926E-3,,
1.546667E1,1.032703E-1,-5.523267E-3,,
1.550000E1,1.033000E-1,-5.124843E-3,,
1.553333E1,1.033949E-1,-5.028175E-3,,
1.556667E1,1.035109E-1,-4.652716E-3,,
1.560000E1,1.036729E-1,-4.544149E-3,,
1.563333E1,1.036956E-1,-4.169869E-3,,
1.566667E1,1.036669E-1,-3.809504E-3,,
1.570000E1,1.038905E-1,-3.681206E-3,,
1.573333E1,1.039425E-1,-3.320438E-3,,
1.576667E1,1.040112E-1,-3.199362E-3,,
1.580000E1,1.039881E-1,-2.849887E-3,,
1.583333E1,1.039512E-1,-2.453244E-3,,
1.586667E1,1.042059E-1,-2.343100E-3,,
1.590000E1,1.041785E-1,-1.976376E-3,,
1.593333E1,1.042310E-1,-1.888238E-3,,
1.596667E1,1.044764E-1,-1.525019E-3,,
1.600000E1,1.045928E-1,-1.394222E-3,,
1.603333E1,1.045971E-1,-9.951628E-4,,
1.606667E1,1.048077E-1,-9.621081E-4,,
1.610000E1,1.048084E-1,-5.702618E-4,,
1.613333E1,1.048399E-1,-1.921957E-4,,
1.616667E1,1.049083E-1,-7.320720E-5,,
1.620000E1,1.048558E-1,2.645738E-4,,
1.623333E1,1.051311E-1,3.688443E-4,,
1.626667E1,1.051955E-1,7.766855E-4,,
1.630000E1,1.052144E-1,1.182225E-3,,
1.633333E1,1.053363E-1,1.296679E-3,,
1.636667E1,1.054307E-1,1.710639E-3,,
1.640000E1,1.054841E-1,2.044692E-3,,
1.643333E1,1.056674E-1,2.192401E-3,,
1.646667E1,1.057598E-1,2.579355E-3,,
1.650000E1,1.058829E-1,2.996913E-3,,
1.653333E1,1.059063E-1,3.356000E-3,,
1.656667E1,1.060225E-1,3.721708E-3,,
1.660000E1,1.060926E-1,3.986439E-3,,
1.663333E1,1.061189E-1,4.389007E-3,,
1.666667E1,1.062502E-1,4.720297E-3,,
1.670000E1,1.063008E-1,5.130154E-3,,
1.673333E1,1.063035E-1,5.563860E-3,,
1.676667E1,1.065543E-1,5.743888E-3,,
1.680000E1,1.066054E-1,6.073772E-3,,
1.683333E1,1.066369E-1,6.463502E-3,,
1.686667E1,1.068522E-1,6.660995E-3,,
1.690000E1,1.069184E-1,7.094008E-3,,
1.693333E1,1.068993E-1,7.425954E-3,,
1.696667E1,1.068705E-1,7.791975E-3,,
1.700000E1,1.071488E-1,7.952775E-3,,
1.703333E1,1.071507E-1,8.288114E-3,,
1.706667E1,1.071249E-1,8.672033E-3,,
1.710000E1,1.070769E-1,9.034998E-3,,
1.713333E1,1.071343E-1,9.317620E-3,,
1.716667E1,1.071037E-1,9.659844E-3,,
1.720000E1,1.074184E-1,9.742633E-3,,
1.723333E1,1.073810E-1,1.007601E-2,,
1.726667E1,1.074300E-1,1.024329E-2,,
1.730000E1,1.073868E-1,1.055117E-2,,
1.733333E1,1.076819E-1,1.059518E-2,,
1.736667E1,1.076048E-1,1.097030E-2,,
1.740000E1,1.076905E-1,1.113263E-2,,
1.743333E1,1.076464E-1,1.139142E-2,,
1.746667E1,1.076931E-1,1.148415E-2,,
1.750000E1,1.076133E-1,1.179522E-2,,
1.753333E1,1.076516E-1,1.193554E-2,,
1.756667E1,1.075803E-1,1.222013E-2,,
1.760000E1,1.076037E-1,1.232108E-2,,
1.763333E1,1.076144E-1,1.239238E-2,,
1.766667E1,1.075211E-1,1.270635E-2,,
1.770000E1,1.075582E-1,1.281528E-2,,
1.773333E1,1.074792E-1,1.305856E-2,,
1.776667E1,1.075135E-1,1.317216E-2,,
1.780000E1,1.074932E-1,1.321866E-2,,
1.783333E1,1.074154E-1,1.357422E-2,,
1.786667E1,1.074319E-1,1.365581E-2,,
1.790000E1,1.074370E-1,1.366788E-2,,
1.793333E1,1.073631E-1,1.398125E-2,,
1.796667E1,1.073677E-1,1.401969E-2,,
1.800000E1,1.073648E-1,1.404866E-2,,
1.803333E1,1.073585E-1,1.405865E-2,,
1.806667E1,1.073518E-1,1.407554E-2,,
1.810000E1,1.073440E-1,1.408377E-2,,
1.813333E1,1.073460E-1,1.408677E-2,,
1.816667E1,1.073397E-1,1.408310E-2,,
1.820000E1,1.073399E-1,1.409326E-2,,
1.823333E1,1.073368E-1,1.408609E-2,,
1.826667E1,1.073285E-1,1.408965E-2,,
1.830000E1,1.073256E-1,1.408352E-2,,
1.833333E1,1.073253E-1,1.407200E-2,,
1.836667E1,1.073236E-1,1.406840E-2,,
1.840000E1,1.073018E-1,1.404512E-2,,
1.843333E1,1.072957E-1,1.401412E-2,,
1.846667E1,1.072982E-1,1.400245E-2,,
1.850000E1,1.072920E-1,1.398649E-2,,
1.853333E1,1.072709E-1,1.395604E-2,,
1.856667E1,1.072785E-1,1.393164E-2,,
1.860000E1,1.073264E-1,1.362915E-2,,
1.863333E1,1.073243E-1,1.360299E-2,,
1.866667E1,1.073561E-1,1.323220E-2,,
1.870000E1,1.073644E-1,1.318152E-2,,
1.873333E1,1.073463E-1,1.313479E-2,,
1.876667E1,1.073698E-1,1.310092E-2,,
1.880000E1,1.074109E-1,1.276397E-2,,
1.883333E1,1.073872E-1,1.272348E-2,,
1.886667E1,1.073947E-1,1.269836E-2,,
1.890000E1,1.074707E-1,1.235884E-2,,
1.893333E1,1.074571E-1,1.228754E-2,,
1.896667E1,1.074732E-1,1.225493E-2,,
1.900000E1,1.075186E-1,1.190853E-2,,
1.903333E1,1.075238E-1,1.187628E-2,,
1.906667E1,1.075700E-1,1.150214E-2,,
1.910000E1,1.075781E-1,1.146154E-2,,
1.913333E1,1.075825E-1,1.141152E-2,,
1.916667E1,1.075829E-1,1.137224E-2,,
1.920000E1,1.076428E-1,1.103137E-2,,
1.923333E1,1.076293E-1,1.100589E-2,,
1.926667E1,1.077002E-1,1.064007E-2,,
1.930000E1,1.076884E-1,1.057098E-2,,
1.933333E1,1.077359E-1,1.020909E-2,,
1.936667E1,1.077120E-1,1.016982E-2,,
1.940000E1,1.077811E-1,9.790779E-3,,
1.943333E1,1.077371E-1,9.716393E-3,,
1.946667E1,1.077947E-1,9.352192E-3,,
1.950000E1,1.077327E-1,9.283623E-3,,
1.953333E1,1.077974E-1,8.889477E-3,,
1.956667E1,1.078736E-1,8.536106E-3,,
1.960000E1,1.076047E-1,8.451105E-3,,
1.963333E1,1.076464E-1,8.089411E-3,,
1.966667E1,1.072865E-1,7.984313E-3,,
1.970000E1,1.072269E-1,7.908307E-3,,
1.973333E1,1.072576E-1,7.526157E-3,,
1.976667E1,1.072859E-1,7.173087E-3,,
1.980000E1,1.072215E-1,7.074042E-3,,
1.983333E1,1.072711E-1,6.731097E-3,,
1.986667E1,1.072003E-1,6.621785E-3,,
1.990000E1,1.072797E-1,6.290947E-3,,
1.993333E1,1.070526E-1,6.201881E-3,,
1.996667E1,1.069948E-1,6.141078E-3,,
2.000000E1,1.070225E-1,5.741874E-3,,
2.003333E1,1.070743E-1,5.392736E-3,,
2.006667E1,1.070008E-1,5.273660E-3,,
2.010000E1,1.070669E-1,4.935073E-3,,
2.013333E1,1.071358E-1,4.542513E-3,,
2.016667E1,1.070547E-1,4.443757E-3,,
2.020000E1,1.068183E-1,4.428203E-3,,
2.023333E1,1.068378E-1,4.084901E-3,,
2.026667E1,1.066963E-1,3.966597E-3,,
2.030000E1,1.067166E-1,3.597276E-3,,
2.033333E1,1.065064E-1,3.491023E-3,,
2.036667E1,1.065166E-1,3.153935E-3,,
2.040000E1,1.065457E-1,2.747562E-3,,
2.043333E1,1.064339E-1,2.625100E-3,,
2.046667E1,1.064938E-1,2.245036E-3,,
2.050000E1,1.065603E-1,1.864884E-3,,
2.053333E1,1.065993E-1,1.425965E-3,,
2.056667E1,1.065163E-1,1.362962E-3,,
2.060000E1,1.062462E-1,1.342885E-3,,
2.063333E1,1.062480E-1,9.463709E-4,,
2.066667E1,1.062533E-1,5.093654E-4,,
2.070000E1,1.060535E-1,4.845024E-4,,
2.073333E1,1.060206E-1,6.518157E-5,,
2.076667E1,1.060335E-1,-3.449224E-4,,
2.080000E1,1.059177E-1,-4.378422E-4,,
2.083333E1,1.056610E-1,-4.495084E-4,,
2.086667E1,1.056385E-1,-8.792566E-4,,
2.090000E1,1.056459E-1,-1.266538E-3,,
2.093333E1,1.054807E-1,-1.310128E-3,,
2.096667E1,1.053403E-1,-1.424331E-3,,
2.100000E1,1.053331E-1,-1.804956E-3,,
2.103333E1,1.053623E-1,-2.161460E-3,,
2.106667E1,1.052433E-1,-2.280563E-3,,
2.110000E1,1.050839E-1,-2.256917E-3,,
2.113333E1,1.049153E-1,-2.351146E-3,,
2.116667E1,1.049221E-1,-2.703111E-3,,
2.120000E1,1.047933E-1,-2.731914E-3,,
2.123333E1,1.047029E-1,-2.782384E-3,,
2.126667E1,1.047339E-1,-3.098854E-3,,
2.130000E1,1.046224E-1,-3.189065E-3,,
2.133333E1,1.045560E-1,-3.255203E-3,,
2.136667E1,1.044003E-1,-3.182228E-3,,
2.140000E1,1.043081E-1,-3.252752E-3,,
2.143333E1,1.042188E-1,-3.316317E-3,,
2.146667E1,1.042691E-1,-3.587401E-3,,
2.150000E1,1.041894E-1,-3.654704E-3,,
2.153333E1,1.041290E-1,-3.720914E-3,,
2.156667E1,1.041165E-1,-3.659326E-3,,
2.160000E1,1.040562E-1,-3.726286E-3,,
2.163333E1,1.040255E-1,-3.751173E-3,,
2.166667E1,1.039710E-1,-3.803802E-3,,
2.170000E1,1.039521E-1,-3.819726E-3,,
2.173333E1,1.039464E-1,-3.837025E-3,,
2.176667E1,1.039528E-1,-3.817957E-3,,
2.180000E1,1.039219E-1,-3.866721E-3,,
2.183333E1,1.039369E-1,-3.857442E-3,,
2.186667E1,1.039342E-1,-3.855323E-3,,
2.190000E1,1.039503E-1,-3.837727E-3,,
2.193333E1,1.039702E-1,-3.802615E-3,,
2.196667E1,1.039785E-1,-3.781229E-3,,
2.200000E1,1.039974E-1,-3.749998E-3,,
2.203333E1,1.040248E-1,-3.724995E-3,,
2.206667E1,1.040492E-1,-3.650797E-3,,
2.210000E1,1.040501E-1,-3.634950E-3,,
2.213333E1,1.040860E-1,-3.585282E-3,,
2.216667E1,1.040789E-1,-3.589505E-3,,
2.220000E1,1.040739E-1,-3.582951E-3,,
2.223333E1,1.040745E-1,-3.579700E-3,,
2.226667E1,1.040865E-1,-3.582361E-3,,
2.230000E1,1.040423E-1,-3.308381E-3,,
2.233333E1,1.040533E-1,-3.235205E-3,,
2.236667E1,1.040468E-1,-3.205079E-3,,
2.240000E1,1.043126E-1,-3.161889E-3,,
2.243333E1,1.042694E-1,-2.860870E-3,,
2.246667E1,1.043045E-1,-2.790440E-3,,
2.250000E1,1.043448E-1,-2.722161E-3,,
2.253333E1,1.042819E-1,-2.415604E-3,,
2.256667E1,1.043042E-1,-2.343786E-3,,
2.260000E1,1.043380E-1,-2.288952E-3,,
2.263333E1,1.043124E-1,-1.958714E-3,,
2.266667E1,1.043177E-1,-1.885734E-3,,
